clerocc	construc	educ	exper	expersq	female	lwage	married	ndurman	nonwhite	northcen	numdep	profocc	profserv	services	servocc	smsa	south	tenure	tenursq	trade	trcommpu	wage	west
0	0	11	2	4	1	1.1314021348953248	0	0	0	0	2	0	0	0	0	1	0	0	0	0	0	3.10	1
0	0	12	22	484	1	1.1755733489990234	1	0	0	0	3	0	0	1	1	1	0	2	4	0	0	3.24	1
0	0	11	2	4	0	1.0986123085021972	0	0	0	0	2	0	0	0	0	0	0	0	0	1	0	3.00	1
1	0	8	44	1936	0	1.7917594909667968	1	0	0	0	0	0	0	0	0	1	0	28	784	0	0	6.00	1
0	0	12	7	49	0	1.667706847190857	1	0	0	0	1	0	0	0	0	0	0	2	4	0	0	5.30	1
0	0	16	9	81	0	2.1690537929534912	1	0	0	0	0	1	1	0	0	1	0	8	64	0	0	8.75	1
0	0	18	15	225	0	2.420368194580078	0	0	0	0	0	1	0	0	0	1	0	7	49	1	0	11.25	1
0	0	12	5	25	1	1.609438	0	0	0	0	0	1	0	0	0	1	0	3	9	0	0	5.00	1
0	0	12	26	676	1	1.2809338569641114	0	0	0	0	2	1	0	0	0	1	0	4	16	1	0	3.60	1
0	0	17	22	484	0	2.900322198867798	1	0	0	0	0	1	0	0	0	1	0	21	441	0	0	18.18	1
0	0	16	8	64	1	1.8325815200805664	0	0	0	0	0	1	0	0	0	1	0	2	4	1	0	6.25	1
1	0	13	3	9	1	2.095561	0	0	0	0	0	0	1	0	0	1	0	0	0	0	0	8.13	1
0	0	12	15	225	0	2.171337	1	0	0	0	2	0	0	0	0	1	0	0	0	0	0	8.77	1
0	0	12	18	324	0	1.704748	0	0	0	0	0	0	0	0	0	1	0	3	9	0	0	5.50	1
0	0	12	31	961	0	3.1000924110412596	1	0	0	0	1	1	0	0	0	1	0	15	225	0	0	22.20	1
0	0	16	14	196	0	2.852439	1	0	0	0	1	1	1	0	0	1	0	0	0	0	0	17.33	1
1	0	12	10	100	1	2.014903	1	0	0	0	0	0	0	0	0	1	0	0	0	0	0	7.50	1
0	0	13	16	256	1	2.36368	0	0	0	0	0	1	1	0	0	1	0	10	100	0	0	10.63	1
0	0	12	13	169	1	1.2809338569641114	1	0	0	0	3	0	0	0	0	1	0	0	0	0	0	3.60	1
0	0	12	36	1296	1	1.504077434539795	1	0	0	0	0	0	1	0	1	1	0	6	36	0	0	4.50	1
0	0	12	11	121	1	1.9286186695098876	0	0	0	0	0	1	1	0	0	1	0	4	16	0	0	6.88	1
0	0	12	29	841	0	2.1377103328704832	1	0	0	0	3	0	0	0	0	1	0	13	169	0	0	8.48	1
0	0	16	9	81	1	1.8453001976013184	0	0	0	0	0	1	0	0	0	1	0	9	81	0	0	6.33	1
0	0	12	3	9	1	-0.6348783	0	0	0	0	0	0	0	1	1	1	0	1	1	0	0	0.53	1
0	0	11	37	1369	1	1.7917594909667968	0	0	1	0	0	0	0	1	0	1	0	8	64	0	0	6.00	1
0	0	16	3	9	0	2.2575876712799072	1	1	1	0	1	1	0	0	0	1	0	3	9	0	0	9.56	1
0	0	16	11	121	0	2.0515563488006592	1	0	0	0	1	0	0	0	0	1	0	10	100	0	1	7.78	1
0	0	16	31	961	0	2.525728702545166	1	0	0	0	0	1	0	0	0	1	0	0	0	0	0	12.50	1
0	0	15	30	900	0	2.525728702545166	1	0	0	0	2	1	0	0	0	1	0	0	0	0	0	12.50	1
0	0	8	9	81	1	1.178655	1	0	0	0	2	0	0	0	0	1	0	1	1	0	0	3.25	1
0	0	14	23	529	0	2.5649492740631104	1	0	0	0	2	1	1	0	0	1	0	5	25	0	0	13.00	1
0	0	14	2	4	1	1.504077434539795	0	0	0	0	2	0	0	0	0	1	0	5	25	1	0	4.50	1
0	0	13	16	256	1	2.270062	0	0	0	0	0	1	0	0	0	1	0	16	256	0	0	9.68	1
1	0	12	7	49	1	1.609438	0	0	0	0	0	0	0	0	0	1	0	3	9	0	0	5.00	1
1	0	12	3	9	1	1.5432981252670288	0	0	0	0	0	0	0	1	0	1	0	0	0	0	0	4.68	1
0	0	16	22	484	1	1.4516137838363648	1	0	1	0	1	1	0	0	0	1	0	4	16	1	0	4.27	1
0	0	12	15	225	1	1.8164521455764772	1	0	1	0	1	0	0	1	1	1	0	6	36	0	0	6.15	1
0	0	4	39	1521	0	1.255616	1	0	0	0	5	0	0	0	0	1	0	15	225	1	0	3.51	1
1	0	14	3	9	1	1.0986123085021972	1	0	0	0	0	0	1	0	0	1	0	3	9	0	0	3.00	1
1	0	12	11	121	1	1.8325815200805664	0	0	0	0	0	0	1	0	0	1	0	0	0	0	0	6.25	1
0	0	12	3	9	1	2.055405	1	0	0	0	0	0	0	1	1	1	0	0	0	0	0	7.81	1
1	0	12	20	400	1	2.302585	1	0	1	0	4	0	1	0	0	1	0	5	25	0	0	10.00	1
1	0	14	16	256	1	1.504077434539795	1	0	0	0	1	0	1	0	0	1	0	0	0	0	0	4.50	1
0	0	11	45	2025	1	1.3862943649291992	1	0	0	0	0	0	1	0	1	1	0	12	144	0	0	4.00	1
0	0	13	11	121	1	1.8531681299209596	0	0	0	0	0	0	0	0	0	1	0	4	16	0	0	6.38	1
0	0	15	20	400	0	2.617396	1	0	0	0	2	1	1	0	0	1	0	13	169	0	0	13.70	1
0	0	10	1	1	0	0.51282360000000008	0	0	0	0	1	0	0	1	0	1	0	0	0	0	0	1.67	1
0	0	12	36	1296	1	1.0750024318695068	1	0	0	0	1	1	0	0	0	1	0	2	4	1	0	2.93	1
0	0	14	9	81	0	1.2947272062301636	0	0	0	0	0	1	0	0	0	1	0	2	4	1	0	3.65	1
0	0	12	15	225	1	1.0647107362747192	1	0	0	0	2	0	0	1	1	1	0	1	1	0	0	2.90	1
0	0	12	18	324	1	0.48858	0	0	0	0	2	0	0	1	1	0	0	0	0	0	0	1.63	0
0	0	16	3	9	1	2.1517622470855712	0	0	0	0	0	1	1	0	0	1	0	2	4	0	0	8.60	0
1	0	12	15	225	0	1.609438	1	0	0	0	1	0	0	0	0	1	0	5	25	1	0	5.00	0
0	0	12	7	49	0	1.7917594909667968	1	0	0	0	0	0	0	0	0	1	0	7	49	0	0	6.00	0
0	0	12	2	4	0	0.9162908	0	0	0	0	2	0	0	0	0	0	0	0	0	0	0	2.50	0
0	0	15	3	9	0	1.178655	0	0	0	0	1	0	0	0	1	0	0	0	0	1	0	3.25	0
0	0	16	1	1	1	1.2237755060195922	0	0	0	0	1	0	0	0	1	0	0	1	1	1	0	3.40	0
0	0	8	13	169	0	2.302585	0	0	1	0	0	0	0	0	0	1	0	0	0	1	0	10.00	0
0	0	18	8	64	1	3.074081	0	0	0	0	0	1	1	0	0	1	0	8	64	0	0	21.63	0
0	0	16	7	49	0	1.4770487546920776	0	0	0	0	0	0	0	0	1	1	0	0	0	1	0	4.38	0
0	0	13	40	1600	1	2.4604432582855224	0	1	0	0	0	1	0	0	0	1	0	20	400	0	0	11.71	0
0	0	14	42	1764	0	2.5168898105621336	0	0	0	0	0	1	1	0	0	1	0	5	25	0	0	12.39	0
0	0	10	36	1296	0	1.8325815200805664	0	0	0	0	0	0	0	0	1	1	0	8	64	1	0	6.25	0
1	0	10	13	169	1	1.311032	0	0	1	0	4	0	1	0	0	1	0	0	0	0	0	3.71	0
0	0	14	9	81	0	2.0515563488006592	0	0	0	0	0	1	1	0	0	1	0	3	9	0	0	7.78	0
0	0	14	26	676	0	2.9947316646575928	1	0	0	0	2	1	0	0	0	1	0	23	529	0	0	19.98	0
0	0	16	7	49	1	1.8325815200805664	1	0	1	0	3	1	1	0	0	1	0	4	16	0	0	6.25	0
0	0	12	25	625	0	2.302585	1	0	0	0	3	1	1	0	0	1	0	3	9	0	0	10.00	0
0	0	16	10	100	0	1.742219	1	0	0	0	1	1	1	0	0	1	0	5	25	0	0	5.71	0
0	0	12	3	9	1	0.6931472	0	0	0	0	4	0	0	1	0	1	0	2	4	0	0	2.00	0
1	0	16	3	9	1	1.742219	0	0	0	0	0	0	0	0	0	1	0	0	0	1	0	5.71	0
0	0	17	17	289	0	2.5710842609405516	1	0	1	0	3	1	1	0	0	1	0	2	4	0	0	13.08	0
0	0	12	17	289	0	1.5912739038467408	1	0	0	0	2	0	0	0	0	1	0	8	64	0	0	4.91	0
1	0	12	20	400	1	1.0681531429290772	1	0	0	0	2	0	0	1	0	1	0	34	1156	0	0	2.91	0
1	1	12	7	49	1	1.3217558860778808	1	0	0	0	0	0	0	0	0	1	0	0	0	0	0	3.75	0
0	0	13	24	576	0	2.4765384197235108	1	0	0	0	2	1	1	0	0	1	0	19	361	0	0	11.90	0
1	0	12	28	784	1	1.3862943649291992	1	0	0	0	1	0	1	0	0	1	0	0	0	0	0	4.00	0
1	0	12	2	4	1	1.1314021348953248	0	0	0	0	1	0	0	0	0	1	0	1	1	1	0	3.10	0
0	0	12	19	361	0	2.1341664791107176	1	0	0	0	4	0	0	0	0	1	0	13	169	0	0	8.45	0
0	0	18	13	169	0	1.9657127857208252	1	0	0	0	2	1	1	0	0	1	0	0	0	0	0	7.14	0
0	0	9	22	484	0	1.504077434539795	1	0	0	0	4	0	0	0	0	1	0	5	25	0	0	4.50	0
0	0	16	3	9	0	1.5368672609329224	0	1	0	0	0	0	0	0	0	1	0	1	1	0	0	4.65	0
0	0	10	4	16	1	1.0647107362747192	0	0	0	0	1	0	1	0	1	1	0	0	0	0	0	2.90	0
0	0	12	7	49	0	1.8976198434829712	0	0	0	0	0	1	0	0	0	1	0	5	25	0	0	6.67	0
0	0	12	6	36	1	1.2527629137039184	0	0	1	0	1	0	1	0	1	1	0	2	4	0	0	3.50	0
0	0	12	13	169	1	1.1817271709442138	1	0	0	0	1	1	0	0	0	1	0	3	9	1	0	3.26	0
1	0	12	14	196	1	1.178655	1	0	0	0	1	0	1	0	0	1	0	0	0	0	0	3.25	0
0	0	12	14	196	1	2.0794415473937988	0	0	0	0	1	1	1	0	0	1	0	4	16	0	0	8.00	0
0	0	8	40	1600	0	2.2874715328216552	1	0	1	0	2	0	0	0	0	1	0	24	576	0	0	9.85	0
0	0	12	11	121	0	2.014903	1	0	0	0	1	0	0	0	0	1	0	7	49	0	0	7.50	0
0	0	12	14	196	0	1.7766457796096802	1	0	0	0	2	0	0	0	0	0	0	6	36	0	1	5.91	0
0	0	14	40	1600	0	2.4647039999999996	1	0	0	0	0	1	0	0	0	1	0	39	1521	0	1	11.76	0
0	0	12	1	1	1	1.0986123085021972	0	0	0	0	2	1	0	0	0	1	0	0	0	1	0	3.00	0
0	0	12	2	4	1	1.570697	0	0	0	0	0	0	1	0	1	1	0	0	0	0	0	4.81	0
0	0	12	4	16	1	1.8718022108078004	0	0	0	0	0	1	1	0	0	1	0	1	1	0	0	6.50	0
0	0	9	19	361	1	1.3862943649291992	1	0	0	0	1	0	0	1	1	1	0	1	1	0	0	4.00	0
0	0	13	1	1	0	1.2527629137039184	0	1	0	0	1	1	0	0	0	1	0	0	0	0	0	3.50	0
0	0	12	34	1156	0	2.5771818161010744	1	0	0	0	0	1	0	0	0	1	0	22	484	1	0	13.16	0
0	0	14	5	25	0	1.446919	1	0	0	0	2	0	0	0	0	1	0	2	4	1	0	4.25	0
0	0	12	3	9	0	1.2527629137039184	0	0	0	0	0	0	0	0	1	1	0	0	0	1	0	3.50	0
0	0	15	6	36	1	1.6351057291030884	0	1	0	0	0	1	0	0	0	1	0	6	36	0	0	5.13	0
0	0	12	14	196	1	1.3217558860778808	1	0	0	0	3	0	0	1	1	1	0	0	0	0	0	3.75	0
1	0	12	35	1225	1	1.504077434539795	1	0	0	0	0	0	1	0	0	1	0	12	144	0	0	4.50	0
1	0	12	8	64	1	2.0320878028869628	0	0	0	0	0	0	0	0	0	1	0	4	16	0	1	7.63	0
0	0	14	7	49	0	2.70805025100708	1	0	1	0	1	0	0	0	0	1	0	7	49	0	0	15.00	0
0	0	15	11	121	1	1.9242486953735352	1	0	0	0	2	1	1	0	0	1	0	3	9	0	0	6.85	0
0	0	12	14	196	0	2.590017	1	0	0	0	2	1	0	0	0	1	0	11	121	1	0	13.33	0
0	0	12	35	1225	0	1.8976198434829712	0	0	0	0	0	0	0	0	0	1	0	10	100	0	0	6.67	0
0	0	12	46	2116	1	0.9282193	0	0	0	0	0	1	0	0	0	1	0	0	0	1	0	2.53	0
0	0	17	7	49	0	2.2823824882507324	1	0	0	0	0	1	0	1	0	1	0	0	0	0	0	9.80	0
0	0	11	45	2025	0	1.2149126529693604	1	0	0	0	0	1	0	0	0	1	0	12	144	1	0	3.37	0
0	0	18	29	841	0	3.2180755138397216	1	0	0	0	0	1	0	0	0	1	0	25	625	0	0	24.98	0
0	0	12	6	36	0	1.686399	1	0	0	0	0	0	0	1	0	1	0	3	9	0	0	5.40	0
0	0	14	15	225	0	1.8099267482757568	1	0	0	0	2	1	0	0	0	1	0	0	0	1	0	6.11	0
0	0	14	33	1089	1	1.4350844621658326	1	0	0	0	0	1	1	0	0	1	0	16	256	0	0	4.20	0
0	0	10	15	225	0	1.3217558860778808	0	0	0	0	0	0	0	0	0	1	0	0	0	1	0	3.75	0
1	0	14	5	25	1	1.2527629137039184	1	0	0	0	0	0	1	0	0	0	1	0	0	0	0	3.50	0
0	0	12	7	49	0	1.2919837236404418	0	0	0	0	0	0	1	0	1	1	1	2	4	0	0	3.64	0
0	0	15	6	36	0	1.3350011110305786	1	0	0	0	1	0	0	0	0	1	1	1	1	1	0	3.80	0
0	0	8	33	1089	1	1.0986123085021972	1	1	0	0	3	0	0	0	0	0	1	12	144	0	0	3.00	0
0	0	16	2	4	1	1.609438	1	0	0	0	0	1	0	0	0	0	1	1	1	1	0	5.00	0
0	0	14	4	16	1	1.5325568914413452	1	0	0	0	2	0	1	0	1	1	1	0	0	0	0	4.63	0
0	0	15	1	1	0	1.0986123085021972	0	0	0	0	0	1	0	0	0	1	1	0	0	1	0	3.00	0
1	0	12	29	841	1	1.1631507873535156	0	0	0	0	1	0	0	0	0	1	1	0	0	0	0	3.20	0
0	0	18	17	289	0	1.3635374307632446	1	0	0	0	2	1	1	0	0	0	1	3	9	0	0	3.91	0
0	0	16	17	289	1	1.8609745502471924	1	0	0	0	2	1	1	0	0	0	1	3	9	0	0	6.43	0
0	0	10	36	1296	1	1.7011051177978516	1	0	0	0	0	0	0	0	0	1	1	3	9	0	0	5.48	0
0	0	8	31	961	0	0.4054651	0	0	0	0	0	0	0	0	0	0	1	30	900	1	0	1.50	0
0	0	10	23	529	1	1.0647107362747192	0	0	0	0	2	0	1	0	1	0	1	2	4	0	0	2.90	0
0	0	11	13	169	0	1.609438	1	0	0	0	0	0	0	0	0	0	1	1	1	1	0	5.00	0
0	0	18	3	9	0	2.1882958412170412	1	0	0	0	0	1	0	0	0	1	1	3	9	1	0	8.92	0
0	0	15	15	225	0	1.609438	0	0	0	0	0	1	0	0	0	1	1	0	0	1	0	5.00	0
0	0	12	48	2304	0	1.258461	1	0	0	0	0	0	1	0	0	0	1	1	1	0	0	3.52	0
0	0	11	6	36	1	1.0647107362747192	0	1	0	0	1	0	0	0	0	0	1	0	0	0	0	2.90	0
0	0	12	12	144	0	1.504077434539795	1	0	0	0	3	0	0	0	0	1	1	0	0	1	0	4.50	0
0	0	12	5	25	1	0.8109302	0	0	0	0	2	0	0	0	1	1	1	0	0	1	0	2.25	0
0	0	14	19	361	0	1.609438	1	0	0	0	4	0	0	0	0	1	1	5	25	1	0	5.00	0
0	0	16	9	81	0	2.302585	1	0	1	0	2	1	0	0	0	1	1	3	9	0	0	10.00	0
0	0	2	39	1521	0	1.3217558860778808	1	0	0	0	0	0	1	0	1	1	1	13	169	0	0	3.75	0
0	0	14	28	784	1	2.302585	1	1	0	0	0	1	0	0	0	1	1	11	121	0	0	10.00	0
0	0	16	23	529	0	2.3933393955230712	1	1	0	0	4	1	0	0	0	1	1	20	400	0	0	10.95	0
0	1	12	2	4	0	2.0668628215789796	0	0	0	0	0	0	0	0	0	1	1	0	0	0	0	7.90	0
0	0	12	15	225	1	1.5518087148666382	0	0	0	0	0	0	0	0	0	1	1	1	1	0	0	4.72	0
1	0	13	5	25	1	1.7647308111190796	1	0	0	0	1	0	1	0	0	1	1	0	0	0	0	5.84	0
1	0	12	18	324	1	1.3428647518157958	0	0	0	0	3	0	0	0	0	1	1	2	4	0	0	3.83	0
0	0	15	2	4	1	1.1631507873535156	0	0	0	0	2	0	0	0	0	1	1	2	4	0	1	3.20	0
0	0	10	3	9	1	0.6931472	0	0	1	0	5	0	0	0	1	1	1	0	0	1	0	2.00	0
1	0	12	31	961	1	1.504077434539795	1	0	0	0	3	0	1	0	0	1	1	4	16	0	0	4.50	0
1	1	16	20	400	1	2.446685552597046	1	0	0	0	3	0	0	0	0	1	1	5	25	0	0	11.55	0
0	0	13	34	1156	1	0.7608059	1	0	1	0	0	0	0	1	0	1	1	15	225	0	0	2.14	0
0	0	9	5	25	0	0.8671005	0	0	1	0	5	0	0	0	1	1	1	0	0	0	0	2.38	0
0	0	12	11	121	0	1.3217558860778808	0	0	0	0	1	0	0	0	0	1	1	0	0	0	0	3.75	0
0	0	13	31	961	0	1.7083778381347656	0	0	0	0	0	0	0	0	0	1	1	3	9	1	0	5.52	0
1	0	12	8	64	1	1.8718022108078004	1	0	0	0	0	0	0	0	0	1	1	5	25	0	1	6.50	0
0	0	12	2	4	1	1.1314021348953248	0	1	0	0	1	0	0	0	0	1	1	2	4	0	0	3.10	0
0	0	14	18	324	0	2.302585	1	0	0	0	2	1	0	0	0	1	1	5	25	0	0	10.00	0
0	0	16	3	9	0	1.891604781150818	1	0	0	0	0	1	1	0	0	1	1	0	0	0	0	6.63	0
0	0	16	3	9	0	2.302585	1	0	0	0	0	1	0	0	0	1	1	2	4	0	1	10.00	0
0	0	9	4	16	1	0.8372475	0	0	0	1	5	0	0	0	1	0	0	1	1	1	0	2.31	0
0	0	18	4	16	0	1.9286186695098876	0	0	0	1	0	1	1	0	0	1	0	4	16	0	0	6.88	0
0	0	10	1	1	0	1.0402766466140748	0	0	0	1	4	0	0	0	0	1	0	0	0	1	0	2.83	0
0	0	10	1	1	1	1.141033	0	0	0	1	1	1	0	0	0	1	0	0	0	1	0	3.13	0
0	0	13	28	784	0	2.0794415473937988	1	0	0	1	1	1	0	1	0	1	0	5	25	0	0	8.00	0
1	0	12	47	2209	1	1.504077434539795	1	0	0	1	0	0	0	0	0	1	0	4	16	1	0	4.50	0
0	0	18	13	169	1	2.1575593948364256	0	1	0	1	0	1	0	0	0	1	0	1	1	0	0	8.65	0
0	0	13	2	4	1	0.6931472	0	0	0	1	0	0	0	1	1	1	0	6	36	0	0	2.00	0
0	0	12	48	2304	1	1.5581445693969726	1	0	0	1	0	0	1	0	1	1	0	2	4	0	0	4.75	0
0	0	13	6	36	1	1.8325815200805664	1	0	0	1	1	1	1	0	0	1	0	5	25	0	0	6.25	0
0	0	13	8	64	0	1.7917594909667968	1	0	0	1	2	0	1	0	1	1	0	0	0	0	0	6.00	0
0	0	13	25	625	0	2.733068	1	0	0	1	2	1	1	0	0	1	0	21	441	0	0	15.38	0
0	0	18	13	169	1	2.6796507835388184	0	0	0	1	0	1	1	0	0	1	0	7	49	0	0	14.58	0
0	0	12	8	64	0	2.525728702545166	0	0	0	1	0	0	0	0	0	1	0	1	1	0	0	12.50	0
1	0	12	19	361	1	1.658228	1	0	0	1	2	0	0	0	0	1	0	10	100	0	1	5.25	0
0	0	13	1	1	1	0.7747272	0	1	0	1	1	0	0	0	1	1	0	4	16	0	0	2.17	0
0	0	12	43	1849	1	1.9657127857208252	0	0	0	1	0	0	0	0	0	1	0	5	25	0	0	7.14	0
1	0	12	19	361	1	1.8277698755264284	1	0	0	1	1	0	1	0	0	1	0	9	81	0	0	6.22	0
0	0	12	11	121	1	2.1972246170043944	1	0	0	1	0	1	1	0	0	1	0	5	25	0	0	9.00	0
0	0	14	43	1849	0	2.302585	1	0	0	1	0	1	1	0	0	1	0	4	16	0	0	10.00	0
0	0	10	44	1936	0	1.752672	1	0	0	1	0	1	1	0	0	1	0	3	9	0	0	5.77	0
0	0	12	22	484	1	1.3862943649291992	1	1	0	1	2	0	0	0	0	1	0	11	121	0	0	4.00	0
0	0	16	3	9	0	2.1690537929534912	1	1	0	1	1	1	0	0	0	1	0	2	4	0	0	8.75	0
0	0	16	3	9	1	1.876407	0	0	0	1	0	1	1	0	0	1	0	2	4	0	0	6.53	0
0	0	12	41	1681	1	2.0281481742858888	0	0	0	1	0	1	1	0	0	1	0	11	121	0	0	7.60	0
0	0	14	5	25	0	1.609438	0	0	0	1	0	0	0	0	0	1	0	0	0	1	0	5.00	0
0	0	12	14	196	1	1.609438	0	0	0	1	0	0	1	0	1	1	0	11	121	0	0	5.00	0
0	0	12	24	576	0	3.0846586227416992	1	0	0	1	3	1	0	0	0	1	0	16	256	1	0	21.86	0
0	0	12	28	784	0	2.1564025878906248	1	1	0	1	0	1	0	0	0	1	0	8	64	0	0	8.64	0
0	0	12	25	625	0	1.1939224004745484	1	0	0	1	1	0	0	0	0	1	0	8	64	1	0	3.30	0
0	0	12	3	9	0	1.4906543493270874	0	0	0	1	0	1	0	0	0	1	0	0	0	1	0	4.44	0
0	0	12	11	121	0	1.5151273012161254	1	0	0	1	0	0	0	0	0	0	0	0	0	0	0	4.55	0
0	0	12	7	49	1	1.2527629137039184	1	0	1	1	0	0	0	0	0	0	0	6	36	0	0	3.50	0
0	0	16	9	81	0	1.8325815200805664	1	0	0	1	1	1	1	0	0	0	0	2	4	0	0	6.25	0
0	0	16	5	25	0	1.348073124885559	1	0	0	1	0	0	0	0	0	1	0	0	0	1	0	3.85	0
0	0	14	9	81	1	1.82131826877594	1	0	0	1	0	1	1	0	0	1	0	3	9	0	0	6.18	0
0	0	11	1	1	1	1.0681531429290772	0	0	0	1	3	1	0	1	0	1	0	0	0	0	0	2.91	0
0	0	16	2	4	1	1.8325815200805664	0	0	1	1	0	1	0	0	0	1	0	1	1	1	0	6.25	0
1	0	12	13	169	1	1.8325815200805664	1	0	0	1	0	0	1	0	0	1	0	0	0	0	0	6.25	0
0	1	12	10	100	0	2.2027647495269776	1	0	0	1	3	1	0	0	0	1	0	2	4	0	0	9.05	0
0	0	17	5	25	0	2.302585	1	0	0	1	0	1	0	0	0	1	0	3	9	0	0	10.00	0
0	0	12	30	900	0	2.4078454971313476	1	0	0	1	0	1	0	0	0	1	0	8	64	1	0	11.11	0
0	0	12	31	961	0	1.9286186695098876	1	0	0	1	3	0	1	0	1	1	0	19	361	0	0	6.88	0
0	0	16	1	1	0	2.1690537929534912	0	0	1	1	0	1	0	0	0	1	0	2	4	0	0	8.75	0
0	1	8	9	81	0	2.302585	1	0	0	1	0	0	0	0	0	1	0	0	0	0	0	10.00	0
0	0	12	10	100	1	1.1151416301727294	1	0	0	1	2	0	0	0	0	1	0	0	0	1	0	3.05	0
1	0	12	38	1444	1	1.0986123085021972	1	0	0	1	0	0	0	1	0	0	0	0	0	0	0	3.00	0
0	0	12	19	361	1	1.757858	1	1	0	1	2	0	0	0	0	0	0	6	36	0	0	5.80	0
0	0	16	5	25	1	1.4109869003295898	1	0	0	1	0	1	1	0	0	1	0	0	0	0	0	4.10	0
0	0	12	26	676	0	2.0794415473937988	1	0	0	1	1	0	0	0	0	1	0	2	4	0	0	8.00	0
0	0	12	35	1225	1	1.8164521455764772	0	0	0	1	0	0	0	0	0	1	0	12	144	1	0	6.15	0
1	0	9	2	4	1	0.9932518	0	0	0	1	1	0	0	0	0	1	0	0	0	1	0	2.70	0
0	0	13	1	1	1	1.011601	0	0	0	1	1	0	1	0	1	1	0	2	4	0	0	2.75	0
1	0	16	19	361	1	1.0986123085021972	1	0	0	1	0	0	0	0	0	1	0	10	100	1	0	3.00	0
0	0	14	3	9	1	1.0986123085021972	0	0	0	1	0	0	1	0	1	1	0	2	4	0	0	3.00	0
0	0	8	36	1296	0	1.99606	1	0	0	1	3	0	0	0	0	1	0	24	576	0	0	7.36	0
0	0	14	29	841	0	2.014903	1	0	0	1	1	1	0	0	0	1	0	24	576	0	0	7.50	0
0	0	13	1	1	0	1.2527629137039184	0	0	0	1	3	0	0	0	0	1	0	2	4	1	0	3.50	0
0	0	12	38	1444	1	2.091864	1	0	0	1	1	1	1	0	0	1	0	3	9	0	0	8.10	0
0	0	18	1	1	0	1.3217558860778808	0	0	0	1	1	1	1	0	0	1	0	2	4	0	0	3.75	0
0	0	9	29	841	0	1.178655	1	0	1	1	1	0	0	0	0	1	0	0	0	0	0	3.25	0
1	0	8	36	1296	1	1.763017	1	0	0	0	0	0	1	0	0	0	0	15	225	0	0	5.83	0
0	0	8	4	16	0	1.2527629137039184	0	0	0	0	3	0	0	0	1	1	0	0	0	1	0	3.50	0
0	0	12	45	2025	1	1.2029722929000854	1	0	0	0	0	0	0	0	0	0	0	4	16	1	0	3.33	0
1	1	14	22	484	1	1.3862943649291992	0	0	0	0	0	0	0	0	0	1	0	3	9	0	0	4.00	0
1	0	12	20	400	1	1.2527629137039184	1	0	0	0	2	0	1	0	0	0	0	4	16	0	0	3.50	0
0	0	16	5	25	0	1.8325815200805664	1	1	0	0	0	1	0	0	0	1	0	0	0	0	0	6.25	0
0	0	8	15	225	1	1.0818052291870118	1	1	1	0	1	0	0	0	0	1	0	2	4	0	0	2.95	0
0	0	13	10	100	1	1.742219	1	0	0	0	0	1	0	0	0	1	0	2	4	1	0	5.71	0
0	0	9	3	9	1	1.0986123085021972	0	0	0	0	0	0	0	1	0	1	0	0	0	0	0	3.00	0
0	0	16	16	256	0	3.1293885707855224	1	0	0	0	2	1	0	0	0	1	0	7	49	0	0	22.86	0
0	0	12	38	1444	0	2.1972246170043944	1	0	0	0	0	1	1	0	0	1	0	1	1	0	0	9.00	0
0	0	15	33	1089	0	2.119863510131836	1	0	0	0	1	1	1	0	0	1	0	26	676	0	0	8.33	0
0	0	11	2	4	0	1.0986123085021972	0	0	0	0	0	0	0	0	0	1	0	0	0	1	0	3.00	0
0	0	14	6	36	0	1.7491998672485352	1	0	0	0	0	1	0	0	0	1	0	5	25	1	0	5.75	0
0	0	12	19	361	0	1.911023	1	1	1	0	2	0	0	0	0	1	0	3	9	0	0	6.76	0
1	0	12	29	841	0	2.302585	1	0	0	0	2	0	1	0	0	1	0	0	0	0	0	10.00	0
0	1	12	2	4	0	1.0986123085021972	0	0	0	0	0	0	0	0	0	1	0	0	0	0	0	3.00	0
0	0	18	3	9	1	1.2527629137039184	0	0	0	0	0	1	0	0	0	1	0	1	1	0	1	3.50	0
0	0	12	4	16	0	1.178655	0	0	0	0	0	0	0	1	0	1	0	0	0	0	0	3.25	0
1	0	12	10	100	1	1.3862943649291992	0	0	1	0	0	0	1	0	0	1	0	1	1	0	0	4.00	0
0	0	12	4	16	1	1.07158362865448	0	0	0	0	1	1	0	0	0	0	1	0	0	1	0	2.92	0
0	0	12	14	196	1	1.1184148788452148	0	0	1	0	3	0	0	0	0	0	1	10	100	1	0	3.06	0
0	0	12	15	225	1	1.1631507873535156	1	0	0	0	1	1	1	0	0	0	1	5	25	0	0	3.20	0
0	0	12	19	361	0	1.5581445693969726	1	0	0	0	3	0	0	0	0	0	1	0	0	0	0	4.75	0
1	0	14	17	289	1	1.0986123085021972	1	0	0	0	4	0	0	1	0	1	1	0	0	0	0	3.00	0
0	0	16	29	841	0	2.899221420288086	1	1	0	0	1	1	0	0	0	1	1	7	49	0	0	18.16	0
1	0	12	2	4	1	1.2527629137039184	0	0	0	0	2	0	0	0	0	1	1	0	0	0	1	3.50	0
0	0	14	5	25	0	1.413423	0	0	0	0	0	1	1	0	0	0	1	0	0	0	0	4.11	0
0	0	11	38	1444	1	0.67294449999999992	0	0	1	0	0	0	0	1	0	0	1	3	9	0	0	1.96	0
0	0	12	3	9	1	1.4562866687774658	0	0	0	0	0	0	0	0	1	0	1	0	0	1	0	4.29	0
0	0	10	47	2209	0	1.0986123085021972	0	0	0	0	0	0	0	1	1	0	1	0	0	0	0	3.00	0
0	0	12	7	49	0	1.86408	1	0	0	0	0	0	0	0	0	0	1	6	36	1	0	6.45	0
0	1	6	47	2209	0	1.6486586332321166	1	0	1	0	0	0	0	0	0	1	1	13	169	0	0	5.20	0
0	0	13	23	529	1	1.504077434539795	0	0	1	0	0	1	0	0	0	1	1	2	4	1	0	4.50	0
1	0	12	12	144	0	1.3558351993560792	1	0	0	0	3	0	0	0	0	1	1	3	9	1	0	3.88	0
0	0	10	11	121	1	1.2383742332458496	0	0	0	0	2	0	0	0	1	1	1	0	0	1	0	3.45	0
0	0	12	25	625	0	2.3896796703338624	0	0	0	0	0	0	0	0	0	1	1	23	529	0	1	10.91	0
0	0	14	6	36	1	1.4109869003295898	1	0	0	0	0	0	0	1	1	1	1	0	0	0	0	4.10	0
0	0	13	3	9	0	1.0986123085021972	0	0	0	0	0	0	0	0	0	1	1	1	1	1	0	3.00	0
0	0	12	14	196	0	1.7749524116516114	1	0	1	0	2	0	0	1	0	1	1	7	49	0	0	5.90	0
0	0	18	13	169	1	2.890371799468994	0	0	0	0	0	1	1	0	0	1	1	0	0	0	0	18.00	0
0	0	12	9	81	0	1.3862943649291992	0	0	0	0	0	1	1	0	0	1	1	0	0	0	0	4.00	0
0	0	12	1	1	0	1.0986123085021972	0	0	1	0	0	0	0	1	0	1	1	0	0	0	0	3.00	0
0	0	12	6	36	1	1.266947627067566	1	0	0	0	1	0	0	0	0	0	0	0	0	0	0	3.55	0
0	0	12	11	121	1	1.0986123085021972	1	0	0	0	2	0	0	1	1	0	0	1	1	0	0	3.00	0
0	0	12	47	2209	0	2.1690537929534912	1	0	0	0	0	0	0	0	0	0	0	44	1936	0	0	8.75	0
0	0	8	49	2401	1	1.0647107362747192	0	1	0	0	1	0	0	0	0	0	0	6	36	0	0	2.90	0
0	0	13	37	1369	1	1.834180235862732	1	0	0	0	0	1	1	0	0	1	0	17	289	0	0	6.26	0
0	0	13	2	4	1	1.2527629137039184	0	0	0	0	0	1	0	0	0	1	0	0	0	1	0	3.50	0
1	0	14	7	49	1	1.5260562896728516	1	0	0	0	0	0	0	0	0	1	0	0	0	1	0	4.60	0
0	0	12	22	484	0	1.7917594909667968	0	0	0	0	2	1	0	0	0	1	0	8	64	1	0	6.00	0
0	0	10	8	64	1	1.0612565279006958	0	0	0	0	1	0	0	0	0	1	0	0	0	0	0	2.89	0
1	0	16	1	1	0	1.7191888093948364	1	0	0	0	0	0	1	0	0	1	0	1	1	0	0	5.58	0
0	0	12	43	1849	1	1.3862943649291992	1	0	0	0	0	0	0	0	0	0	0	6	36	0	1	4.00	0
0	0	16	2	4	0	1.7917594909667968	0	1	0	0	0	0	0	0	0	1	0	2	4	0	0	6.00	0
0	1	12	2	4	1	1.504077434539795	0	0	0	0	2	0	0	0	0	1	0	1	1	0	0	4.50	0
1	0	14	1	1	0	1.07158362865448	0	0	0	0	0	0	1	0	0	1	0	3	9	0	0	2.92	0
0	0	18	1	1	0	1.4655674695968628	0	0	0	0	0	1	0	0	0	1	0	0	0	1	0	4.33	0
0	0	17	26	676	0	2.9386327266693116	1	0	0	0	2	1	1	0	0	1	0	20	400	0	0	18.89	0
0	0	13	1	1	1	1.453953	0	0	0	0	2	1	0	0	0	1	0	1	1	1	0	4.28	0
0	0	14	37	1369	1	1.5195132493972778	1	0	0	0	0	0	0	1	1	1	0	7	49	0	0	4.57	0
0	0	15	12	144	1	1.8325815200805664	1	0	0	0	2	1	1	0	0	1	0	4	16	0	0	6.25	0
0	0	14	41	1681	0	1.0818052291870118	1	0	1	1	0	1	1	0	0	0	0	23	529	0	0	2.95	0
0	0	12	24	576	0	2.1690537929534912	0	1	0	1	0	1	0	0	0	1	0	1	1	0	0	8.75	0
0	0	8	38	1444	0	2.140066146850586	0	0	0	1	0	0	0	0	0	1	0	26	676	0	0	8.50	0
1	0	12	18	324	1	1.3217558860778808	1	0	0	1	4	0	1	0	0	1	0	0	0	0	0	3.75	0
0	0	12	26	676	0	1.1474025249481202	1	0	0	1	0	1	0	0	0	1	0	1	1	1	0	3.15	0
0	0	8	45	2025	0	1.609438	0	1	0	1	0	0	0	0	0	0	0	2	4	0	0	5.00	0
0	0	12	27	729	0	1.8656293153762816	1	0	0	1	3	0	0	0	0	0	0	0	0	0	0	6.46	0
0	0	9	2	4	0	0.6931472	0	0	0	1	3	0	0	0	1	0	0	0	0	1	0	2.00	0
0	0	12	41	1681	0	1.5665303468704224	1	0	0	1	0	1	0	0	0	1	0	8	64	1	0	4.79	0
0	0	16	11	121	0	1.7544037103652954	1	1	0	1	2	1	0	0	0	1	0	4	16	0	0	5.78	0
0	0	12	5	25	1	1.1568812131881714	1	0	0	1	0	0	1	0	1	1	0	0	0	0	0	3.18	0
0	0	16	3	9	1	1.5432981252670288	0	0	0	1	0	1	1	0	0	1	0	1	1	0	0	4.68	0
0	0	12	3	9	1	1.4109869003295898	0	0	0	1	0	0	1	0	1	1	0	2	4	0	0	4.10	0
0	0	12	4	16	0	1.0681531429290772	1	0	0	0	0	0	0	0	0	1	1	0	0	1	0	2.91	0
0	0	13	21	441	0	1.7917594909667968	1	1	0	0	4	0	0	0	0	0	1	13	169	0	0	6.00	0
0	0	10	34	1156	1	1.2809338569641114	1	1	0	0	0	0	0	0	0	0	1	26	676	0	0	3.60	0
0	0	6	49	2401	0	1.3737156391143798	1	0	0	0	6	0	0	0	0	0	1	6	36	0	0	3.95	0
0	1	12	6	36	0	1.94591	1	0	1	0	1	0	0	0	0	0	1	5	25	0	0	7.00	0
0	0	12	26	676	1	1.0986123085021972	1	0	0	0	0	0	0	1	1	0	1	9	81	0	0	3.00	0
0	0	16	9	81	0	1.8050047159194948	0	0	0	0	0	1	0	1	0	0	1	0	0	0	0	6.08	0
0	0	12	23	529	0	2.1552445888519288	1	1	0	0	1	0	0	0	0	0	1	9	81	0	0	8.63	0
0	0	8	33	1089	0	1.0986123085021972	1	1	0	0	0	0	0	0	0	0	1	2	4	0	0	3.00	0
1	0	12	5	25	1	1.3217558860778808	1	0	0	0	1	0	1	0	0	0	1	2	4	0	0	3.75	0
0	0	6	49	2401	0	1.0647107362747192	1	0	0	0	0	0	0	0	1	0	1	7	49	0	0	2.90	0
0	0	4	48	2304	0	1.0986123085021972	1	1	1	0	0	0	0	0	0	0	1	0	0	0	0	3.00	0
0	0	11	35	1225	0	1.8325815200805664	1	0	0	0	0	0	0	0	0	1	1	31	961	1	0	6.25	0
0	0	11	23	529	1	1.2527629137039184	0	1	1	0	2	0	0	0	0	0	1	2	4	0	0	3.50	0
0	0	7	26	676	1	1.0986123085021972	0	0	0	0	3	0	0	0	1	0	1	1	1	1	0	3.00	0
1	0	12	16	256	1	1.1755733489990234	1	0	0	0	2	0	0	0	0	1	1	0	0	1	0	3.24	0
0	0	18	23	529	1	2.0819385051727296	1	0	0	0	1	1	1	0	0	1	1	3	9	0	0	8.02	0
1	0	12	36	1296	1	1.2029722929000854	1	0	0	0	1	0	1	0	0	1	1	8	64	0	0	3.33	0
0	0	16	4	16	0	1.658228	0	1	0	0	0	1	0	0	0	1	1	0	0	0	0	5.25	0
0	1	12	10	100	0	1.8325815200805664	1	0	0	0	3	0	0	0	0	1	1	0	0	0	0	6.25	0
0	0	14	18	324	0	1.2527629137039184	1	0	0	1	1	1	0	0	0	0	0	2	4	1	0	3.50	0
0	0	12	3	9	0	1.0818052291870118	0	0	0	1	1	0	0	0	0	0	0	1	1	1	0	2.95	0
0	0	10	7	49	1	1.0986123085021972	1	0	0	1	2	0	1	0	1	0	0	0	0	0	0	3.00	0
0	0	10	7	49	0	1.5454325675964356	0	0	0	1	0	0	0	0	0	0	0	7	49	0	0	4.69	0
0	0	9	33	1089	1	1.3164082765579224	0	0	0	1	1	0	0	0	0	0	0	2	4	0	0	3.73	0
0	0	10	34	1156	0	1.3862943649291992	1	0	0	1	0	0	0	0	0	0	0	12	144	0	0	4.00	0
0	0	12	8	64	1	1.3862943649291992	1	0	0	1	2	1	0	0	0	0	0	0	0	1	0	4.00	0
0	0	12	17	289	1	1.0647107362747192	1	1	0	1	2	0	0	0	0	0	0	1	1	0	0	2.90	0
0	0	12	2	4	1	1.1151416301727294	0	0	0	1	1	0	1	0	1	0	0	0	0	0	0	3.05	0
1	0	10	5	25	1	1.619388222694397	0	0	0	1	0	0	1	0	0	1	0	0	0	0	0	5.05	0
0	0	16	41	1681	0	2.63547945022583	1	1	0	1	0	1	0	0	0	1	0	16	256	0	0	13.95	0
0	0	16	35	1225	0	2.899221420288086	1	1	0	1	1	1	0	0	0	1	0	28	784	0	0	18.16	0
0	0	16	11	121	0	1.8325815200805664	0	0	0	1	0	1	0	1	0	1	0	4	16	0	0	6.25	0
1	0	12	4	16	0	1.658228	0	1	1	1	0	0	0	0	0	1	0	0	0	0	0	5.25	0
0	0	12	12	144	1	1.5665303468704224	1	0	0	1	3	1	1	0	0	1	0	3	9	0	0	4.79	0
0	0	7	35	1225	1	1.2089602947235108	0	0	0	0	1	0	0	0	0	1	1	0	0	0	0	3.35	0
0	0	8	33	1089	0	1.0986123085021972	1	0	0	0	1	0	0	0	0	1	1	0	0	0	1	3.00	0
0	0	16	8	64	0	2.1317968368530272	1	1	0	0	0	1	0	0	0	1	1	6	36	0	0	8.43	0
0	0	16	2	4	0	1.7404661178588868	0	0	0	0	0	1	0	0	0	1	1	0	0	1	0	5.70	0
0	0	18	8	64	0	2.4832384586334228	1	0	0	0	2	1	0	0	0	1	1	10	100	0	1	11.98	0
1	0	13	29	841	1	1.2527629137039184	1	0	0	0	0	0	1	0	0	0	1	1	1	0	0	3.50	0
0	0	10	14	196	0	1.4445632696151734	1	0	1	0	1	0	0	0	0	0	1	5	25	1	0	4.24	0
0	0	16	26	676	1	1.94591	1	0	0	0	1	1	1	0	0	1	1	3	9	0	0	7.00	0
1	0	14	11	121	1	1.7917594909667968	1	0	0	0	2	0	1	0	0	1	1	3	9	0	0	6.00	0
0	0	16	10	100	0	2.5030739999999996	0	0	0	0	0	1	1	0	0	1	1	2	4	0	0	12.22	0
0	0	12	13	169	0	1.504077434539795	1	0	0	0	0	0	0	0	0	1	1	0	0	1	0	4.50	0
0	0	9	23	529	1	1.0986123085021972	1	1	0	0	2	0	0	0	0	0	1	20	400	0	0	3.00	0
0	0	11	1	1	0	1.0647107362747192	0	0	1	0	2	0	0	0	1	0	1	2	4	1	0	2.90	0
0	0	11	35	1225	0	2.70805025100708	1	1	0	0	0	0	0	0	0	0	1	31	961	0	0	15.00	0
0	1	12	5	25	0	1.3862943649291992	1	0	0	0	0	0	0	0	0	0	1	2	4	0	0	4.00	0
0	0	11	13	169	0	1.658228	1	1	0	0	2	0	0	0	0	0	1	11	121	0	0	5.25	0
0	0	12	22	484	0	1.3862943649291992	1	1	0	0	3	0	0	0	0	0	1	3	9	0	0	4.00	0
0	0	12	21	441	1	1.1939224004745484	1	0	0	0	2	1	0	0	0	0	1	9	81	1	0	3.30	0
1	0	12	19	361	1	1.619388222694397	1	0	0	0	3	0	1	0	0	0	1	0	0	0	0	5.05	0
0	0	12	13	169	0	1.2753627300262452	0	0	0	0	0	0	0	1	0	1	1	0	0	0	0	3.58	0
0	0	14	15	225	0	1.609438	1	0	0	0	2	1	0	0	0	0	1	5	25	1	0	5.00	0
0	0	14	3	9	0	1.5195132493972778	1	0	0	0	0	1	1	0	0	0	1	0	0	0	0	4.57	0
1	0	18	6	36	0	2.525728702545166	0	0	0	0	0	0	0	1	0	1	1	2	4	0	0	12.50	0
1	0	12	6	36	1	1.2383742332458496	1	0	0	0	0	0	0	0	0	1	1	5	25	1	0	3.45	0
1	0	12	16	256	1	1.5325568914413452	0	0	0	0	0	0	1	0	0	1	1	1	1	0	0	4.63	0
0	0	12	31	961	0	2.302585	1	0	0	0	0	1	0	0	0	1	1	2	4	1	0	10.00	0
0	0	11	1	1	1	1.07158362865448	0	0	0	1	1	0	0	0	1	0	0	0	0	1	0	2.92	0
0	0	12	5	25	0	1.50629723072052	0	0	0	1	0	0	0	0	0	1	0	2	4	1	0	4.51	0
0	0	17	3	9	0	1.8718022108078004	1	0	0	1	0	1	1	0	0	1	0	0	0	0	0	6.50	0
0	0	16	11	121	0	2.014903	1	0	0	1	0	1	0	1	0	1	0	0	0	0	0	7.50	0
1	0	13	6	36	1	1.2641266584396362	1	0	0	1	0	0	1	0	0	0	0	7	49	0	0	3.54	0
1	0	13	11	121	1	1.4350844621658326	1	0	0	1	2	0	0	0	0	1	0	3	9	1	0	4.20	0
1	0	12	7	49	1	1.255616	1	0	0	1	0	0	0	0	0	1	0	2	4	1	0	3.51	0
0	1	14	5	25	0	1.504077434539795	1	0	0	1	0	1	0	0	0	1	0	0	0	0	0	4.50	0
0	0	14	5	25	1	1.2089602947235108	1	0	0	1	0	1	0	0	0	1	0	4	16	1	0	3.35	0
0	0	11	2	4	0	1.0681531429290772	0	0	0	1	2	0	0	0	1	1	0	2	4	1	0	2.91	0
0	0	10	44	1936	0	1.658228	1	0	0	1	1	0	0	0	0	1	0	7	49	0	0	5.25	0
0	0	8	44	1936	0	1.398717	1	1	0	1	0	0	0	0	1	1	0	25	625	0	0	4.05	0
1	0	14	13	169	1	1.3217558860778808	1	0	0	1	3	0	0	0	0	1	0	0	0	1	0	3.75	0
1	1	12	26	676	1	1.2237755060195922	1	0	0	1	1	0	0	0	0	1	0	15	225	0	0	3.40	0
1	0	10	2	4	1	1.0986123085021972	0	0	0	0	1	0	0	0	0	1	1	1	1	1	0	3.00	0
0	0	17	10	100	0	1.838961	1	0	0	0	1	1	0	1	0	1	1	3	9	0	0	6.29	0
0	0	9	2	4	1	0.9321641	0	0	0	0	1	0	0	0	1	1	1	0	0	1	0	2.54	0
1	0	12	35	1225	1	1.504077434539795	1	0	0	0	1	0	0	0	0	1	1	0	0	1	0	4.50	0
1	0	12	6	36	1	1.141033	1	0	0	0	1	0	1	0	0	1	1	5	25	0	0	3.13	0
0	0	14	8	64	0	1.8500283956527708	1	0	0	0	0	1	0	0	0	1	1	1	1	1	0	6.36	0
0	0	16	1	1	0	1.5432981252670288	0	1	0	0	0	1	0	0	0	1	1	0	0	0	0	4.68	0
0	0	12	14	196	0	1.916922688484192	1	1	0	0	2	0	0	0	0	0	1	10	100	0	0	6.80	0
0	0	10	14	196	0	2.1435892581939696	1	0	0	0	0	0	0	0	0	0	1	6	36	0	0	8.53	0
0	0	0	22	484	1	1.427916	0	0	0	0	0	0	0	1	0	0	1	10	100	0	0	4.17	0
0	0	14	8	64	1	1.3217558860778808	1	0	0	0	0	1	0	0	0	0	1	4	16	0	1	3.75	0
1	0	15	1	1	1	2.40694522857666	0	0	0	0	2	0	1	0	0	0	1	4	16	0	0	11.10	0
0	0	16	15	225	1	1.1817271709442138	1	0	1	0	2	1	0	0	0	1	1	5	25	1	0	3.26	0
0	0	12	14	196	0	2.2115657329559328	1	1	0	0	3	1	0	0	0	1	1	12	144	0	0	9.13	0
0	0	11	37	1369	0	1.504077434539795	1	1	0	0	2	0	0	0	0	1	1	10	100	0	0	4.50	0
0	0	11	1	1	1	1.0986123085021972	0	0	0	0	1	0	1	0	1	1	1	1	1	0	0	3.00	0
1	0	12	4	16	0	2.1690537929534912	1	0	0	0	0	0	1	0	0	1	1	4	16	0	0	8.75	0
1	0	13	29	841	1	1.4206957817077636	1	0	0	0	0	0	0	0	0	1	1	0	0	1	0	4.14	0
0	0	12	45	2025	1	1.054312	1	0	0	1	0	1	0	0	0	0	0	8	64	1	0	2.87	0
1	0	13	22	484	1	1.2089602947235108	0	0	0	1	2	0	0	0	0	0	0	0	0	1	0	3.35	0
0	0	16	42	1764	0	1.8050047159194948	0	0	0	1	0	1	0	0	0	0	0	10	100	1	0	6.08	0
0	0	15	9	81	0	1.0986123085021972	0	0	1	1	0	0	0	1	0	0	0	0	0	0	0	3.00	0
1	0	16	8	64	1	1.4350844621658326	1	0	0	1	1	0	1	0	0	1	0	0	0	0	0	4.20	0
0	0	15	31	961	1	1.722766637802124	0	0	0	1	2	0	1	0	1	1	0	15	225	0	0	5.60	0
0	0	12	24	576	0	2.302585	1	1	0	1	0	0	0	0	0	1	0	24	576	0	0	10.00	0
0	0	18	16	256	0	2.525728702545166	1	0	0	1	1	1	1	0	0	1	0	5	25	0	0	12.50	0
0	0	6	6	36	0	1.3244189023971558	0	0	0	0	4	0	0	0	0	0	1	0	0	0	0	3.76	0
1	0	6	14	196	1	1.1314021348953248	0	0	1	0	5	0	0	0	0	1	1	0	0	1	0	3.10	0
1	0	12	47	2209	1	1.4562866687774658	1	1	0	0	2	0	0	0	0	1	1	25	625	0	0	4.29	0
0	0	12	34	1156	0	2.390596	1	0	0	0	0	1	1	0	0	0	1	5	25	0	0	10.92	0
0	0	16	6	36	1	2.014903	1	0	0	0	1	1	1	0	0	1	1	2	4	0	0	7.50	0
0	0	9	7	49	1	1.398717	1	0	0	0	1	0	0	0	0	1	1	4	16	0	0	4.05	0
0	0	12	27	729	0	1.5368672609329224	1	0	0	0	3	0	0	0	1	1	1	2	4	0	0	4.65	0
0	0	11	24	576	0	1.609438	1	0	0	0	0	0	0	0	0	1	1	5	25	1	0	5.00	0
1	0	10	18	324	1	1.0647107362747192	1	0	0	0	2	0	0	0	0	0	1	0	0	1	0	2.90	0
0	0	12	12	144	1	2.0794415473937988	0	0	1	0	1	0	0	0	0	0	1	3	9	0	0	8.00	0
0	0	8	27	729	0	2.1317968368530272	1	1	0	0	3	0	0	0	0	1	1	3	9	0	0	8.43	0
0	0	9	49	2401	1	1.07158362865448	0	0	0	0	0	0	0	1	0	1	1	0	0	0	0	2.92	0
0	0	17	4	16	1	1.8325815200805664	0	0	0	0	0	1	0	0	0	1	0	0	0	1	0	6.25	1
0	0	16	24	576	1	1.8325815200805664	1	0	0	0	2	1	1	0	0	1	0	2	4	0	0	6.25	1
0	1	11	3	9	0	1.6311994791030884	0	0	0	0	0	0	0	0	0	1	0	0	0	0	0	5.11	1
0	0	10	2	4	1	1.3862943649291992	0	0	0	0	1	0	0	1	0	1	0	0	0	0	0	4.00	1
0	0	8	29	841	0	1.4906543493270874	1	0	0	0	3	1	0	0	0	0	1	11	121	1	0	4.44	0
0	0	13	34	1156	0	1.9286186695098876	1	0	0	0	0	1	0	1	0	0	1	21	441	0	0	6.88	0
0	0	14	10	100	0	1.691939115524292	1	0	1	0	1	1	0	0	0	1	1	3	9	1	0	5.43	0
0	0	13	5	25	1	1.0986123085021972	0	0	0	0	1	0	1	0	1	1	1	0	0	0	0	3.00	0
0	0	11	2	4	1	1.0647107362747192	0	0	0	0	2	1	0	0	0	1	1	0	0	1	0	2.90	0
0	0	7	39	1521	0	1.8325815200805664	1	0	1	0	0	0	0	0	0	1	1	21	441	1	0	6.25	0
1	0	16	5	25	1	1.4678744077682496	0	0	1	0	0	0	1	0	0	1	1	2	4	0	0	4.34	0
1	0	12	14	196	1	1.178655	1	0	0	0	2	0	0	0	0	0	1	2	4	0	1	3.25	0
0	0	13	8	64	0	1.98238	0	0	0	0	0	1	0	0	0	1	1	2	4	1	0	7.26	0
0	0	14	10	100	1	1.8484548330307008	1	0	0	0	2	0	0	0	0	1	1	1	1	0	0	6.35	0
0	0	16	2	4	0	1.7281094789505004	1	0	0	0	0	0	0	0	1	1	0	2	4	1	0	5.63	0
0	0	14	9	81	0	2.1690537929534912	1	1	0	0	1	1	0	0	0	1	0	3	9	0	0	8.75	0
0	0	11	1	1	0	1.1631507873535156	0	0	0	0	0	0	0	0	1	0	0	0	0	1	0	3.20	0
0	0	8	45	2025	1	1.0986123085021972	1	0	0	0	0	0	0	0	0	0	0	1	1	0	0	3.00	0
0	0	14	33	1089	1	1.0986123085021972	1	0	0	0	0	0	1	0	1	1	0	3	9	0	0	3.00	0
0	0	17	21	441	0	2.525728702545166	1	0	0	0	3	1	0	0	0	1	0	18	324	0	0	12.50	0
1	0	10	2	4	1	1.0577902793884278	0	0	0	0	3	0	0	0	0	1	0	0	0	1	0	2.88	0
0	0	12	9	81	0	1.2089602947235108	1	0	0	1	0	0	0	0	0	1	0	1	1	1	0	3.35	0
0	0	12	33	1089	0	1.8718022108078004	1	0	0	1	0	0	0	0	0	0	0	2	4	0	0	6.50	0
0	0	18	16	256	0	2.339881	1	0	1	1	1	1	1	0	0	1	0	2	4	0	0	10.38	0
0	0	14	10	100	0	1.504077434539795	1	0	0	1	0	0	1	0	0	1	0	0	0	0	0	4.50	0
0	0	18	9	81	0	2.302585	0	0	0	1	0	1	0	0	0	0	0	8	64	0	1	10.00	0
0	0	12	8	64	1	1.3376291990280152	1	0	0	1	2	0	0	1	1	0	0	1	1	0	0	3.81	0
0	0	16	9	81	0	2.1747517585754396	1	0	0	0	0	1	1	0	0	0	1	1	1	0	0	8.80	0
0	0	14	23	529	1	2.242835	1	0	0	0	2	0	0	1	0	0	1	0	0	0	0	9.42	0
0	0	12	23	529	0	1.8453001976013184	1	0	0	0	2	1	0	0	0	0	1	8	64	0	0	6.33	0
0	0	9	22	484	0	1.3862943649291992	0	0	1	0	0	0	0	0	0	0	1	18	324	0	0	4.00	0
0	0	12	37	1369	1	1.0647107362747192	1	0	0	0	0	1	0	0	0	0	1	0	0	1	0	2.90	0
0	0	12	22	484	0	2.995732307434082	1	0	0	0	1	1	0	0	0	0	1	4	16	1	0	20.00	0
0	0	17	28	784	0	2.420368194580078	1	1	0	0	1	0	0	0	0	1	1	25	625	0	0	11.25	0
0	1	12	14	196	1	1.2527629137039184	0	0	1	0	2	0	0	0	0	1	1	0	0	0	0	3.50	0
0	0	15	19	361	1	1.7917594909667968	1	0	0	0	2	0	1	0	1	1	1	4	16	0	0	6.00	0
0	0	17	10	100	0	2.6658382415771484	1	1	1	0	1	1	0	0	0	0	1	9	81	0	0	14.38	0
0	0	16	25	625	0	1.8500283956527708	1	1	0	0	1	1	0	0	0	1	1	0	0	0	0	6.36	0
0	0	12	21	441	1	1.266947627067566	1	1	0	0	1	0	0	0	0	0	1	0	0	0	0	3.55	0
0	0	15	32	1024	0	1.0986123085021972	1	0	0	0	0	0	0	1	1	1	1	0	0	0	0	3.00	0
0	0	16	21	441	0	1.504077434539795	1	0	0	0	1	1	0	0	0	1	1	10	100	1	0	4.50	0
1	0	12	36	1296	1	1.891604781150818	0	0	0	0	0	0	0	0	0	1	1	0	0	1	0	6.63	0
0	0	15	2	4	0	2.2300143241882324	1	0	0	0	0	0	0	0	0	1	1	2	4	1	0	9.30	0
0	0	12	11	121	1	1.0986123085021972	1	0	0	0	2	1	0	0	0	1	1	0	0	1	0	3.00	0
0	0	12	40	1600	1	1.178655	0	0	0	1	0	0	0	0	1	0	0	2	4	1	0	3.25	0
0	0	12	11	121	1	0.4054651	1	0	0	1	2	0	1	0	1	0	0	1	1	0	0	1.50	0
0	0	12	9	81	1	1.7749524116516114	1	0	0	1	1	0	0	0	0	1	0	7	49	0	0	5.90	0
0	0	16	23	529	0	2.0794415473937988	0	0	0	1	0	1	0	0	0	1	0	4	16	1	0	8.00	0
0	0	11	1	1	1	1.0647107362747192	0	0	0	1	1	1	0	0	0	1	0	0	0	1	0	2.90	0
0	0	14	30	900	0	1.1908875703811646	0	0	0	1	0	1	0	0	0	1	0	13	169	1	0	3.29	0
0	0	14	41	1681	0	1.8718022108078004	1	0	0	1	0	1	0	0	0	1	0	33	1089	1	0	6.50	0
1	1	13	6	36	1	1.3862943649291992	0	0	0	1	1	0	0	0	0	1	0	0	0	0	0	4.00	0
0	0	14	11	121	0	1.7917594909667968	1	0	0	1	0	0	0	0	0	0	0	0	0	1	0	6.00	0
1	0	12	43	1849	1	1.406097	1	0	0	1	0	0	1	0	0	1	0	17	289	0	0	4.08	0
0	0	12	39	1521	1	1.3217558860778808	1	0	0	1	0	1	0	1	0	1	0	2	4	0	0	3.75	0
0	0	8	50	2500	1	1.1151416301727294	0	1	0	0	0	0	0	0	0	0	1	24	576	0	0	3.05	0
0	0	12	26	676	1	1.2527629137039184	1	1	0	0	0	0	0	0	0	0	1	20	400	0	0	3.50	0
0	0	3	51	2601	0	1.07158362865448	0	0	1	0	0	0	0	1	1	1	1	30	900	0	0	2.92	0
0	1	11	3	9	0	1.504077434539795	0	0	0	0	0	0	0	0	0	1	1	9	81	0	0	4.50	0
1	0	15	3	9	1	1.2089602947235108	1	0	0	0	2	0	0	1	0	1	1	1	1	0	0	3.35	0
0	1	11	15	225	0	1.7833912372589112	1	0	1	0	1	0	0	0	0	0	1	9	81	0	0	5.95	0
0	0	12	17	289	0	2.0794415473937988	1	0	0	0	2	1	0	0	0	0	1	6	36	1	0	8.00	0
0	1	4	36	1296	0	1.0986123085021972	1	0	0	0	1	0	0	0	0	0	1	0	0	0	0	3.00	0
0	0	9	31	961	0	1.609438	1	0	1	0	6	0	0	0	0	0	1	9	81	0	0	5.00	0
0	0	12	9	81	0	1.704748	1	0	0	0	1	0	0	0	0	0	1	4	16	1	0	5.50	0
1	0	12	42	1764	1	0.9745597	1	0	0	0	0	0	0	1	0	1	0	10	100	0	0	2.65	1
0	0	11	3	9	1	1.0986123085021972	0	0	0	0	2	0	0	0	0	1	0	0	0	1	0	3.00	1
1	0	12	37	1369	1	1.504077434539795	1	0	0	0	0	0	1	0	0	0	0	14	196	0	0	4.50	1
0	0	16	23	529	0	2.8622010000000004	1	0	0	0	3	1	0	0	0	1	0	22	484	1	0	17.50	1
0	0	13	21	441	0	2.1016921997070312	0	0	0	0	0	1	0	0	0	1	0	5	25	1	0	8.18	1
0	0	15	11	121	0	2.207175	1	0	0	0	1	1	0	0	0	1	0	12	144	0	1	9.09	1
0	0	16	35	1225	0	2.469793	1	0	0	0	0	1	0	0	0	1	0	13	169	0	1	11.82	1
0	0	12	42	1764	1	1.178655	1	0	0	0	0	1	0	0	0	1	0	0	0	1	0	3.25	1
0	0	12	3	9	0	1.504077434539795	0	0	0	0	0	0	0	0	0	1	0	0	0	0	0	4.50	1
0	0	12	13	169	0	1.504077434539795	1	0	0	0	0	0	0	0	0	1	0	0	0	0	0	4.50	1
0	0	9	14	196	0	1.311032	1	1	0	0	2	0	0	0	0	0	1	7	49	0	0	3.71	0
0	0	10	14	196	0	1.8718022108078004	1	0	0	0	3	0	0	0	0	0	1	11	121	1	0	6.50	0
0	0	12	39	1521	1	1.0647107362747192	1	0	0	0	0	0	1	0	1	0	1	1	1	0	0	2.90	0
1	0	11	11	121	0	1.722766637802124	1	0	0	0	2	0	0	0	0	0	1	8	64	0	0	5.60	0
0	0	8	28	784	0	0.8020016	1	0	0	0	4	1	1	0	0	0	1	3	9	0	0	2.23	0
0	0	6	18	324	1	1.609438	1	0	0	0	3	0	0	0	1	1	0	0	0	1	0	5.00	1
1	0	16	6	36	0	2.119863510131836	1	0	0	0	0	0	0	0	0	1	0	2	4	0	1	8.33	1
1	0	12	26	676	1	1.0647107362747192	0	0	0	0	4	0	0	0	0	1	1	1	1	1	0	2.90	0
0	0	12	21	441	0	1.8325815200805664	1	0	0	0	3	1	0	0	0	1	1	6	36	1	0	6.25	0
0	0	16	34	1156	0	1.5151273012161254	1	0	0	0	0	1	1	0	0	0	1	2	4	0	0	4.55	0
0	0	12	17	289	1	1.1878434419631958	0	0	0	0	0	0	1	0	1	0	1	2	4	0	0	3.28	0
0	0	10	2	4	1	0.8329091	0	0	0	1	4	0	0	0	1	1	0	0	0	1	0	2.30	0
0	0	13	5	25	1	1.1939224004745484	0	0	0	1	0	1	1	0	0	1	0	0	0	0	0	3.30	0
1	0	13	1	1	1	1.1474025249481202	0	0	0	1	4	0	0	0	0	1	0	0	0	0	1	3.15	0
0	0	14	40	1600	0	2.525728702545166	1	0	0	1	0	1	0	0	0	1	0	30	900	0	0	12.50	0
1	0	16	39	1521	1	1.6389967203140258	0	0	0	0	0	0	1	0	0	1	0	21	441	0	0	5.15	1
0	0	10	1	1	0	1.141033	0	0	0	0	2	0	0	0	1	1	0	1	1	1	0	3.13	1
0	0	12	14	196	0	1.9810014963150024	1	0	0	0	3	0	0	0	0	1	0	5	25	0	1	7.25	1
1	0	12	2	4	1	1.0647107362747192	0	0	0	0	0	0	1	0	0	1	0	2	4	0	0	2.90	1
0	0	11	2	4	0	0.5596158	0	0	0	0	2	0	0	0	1	1	0	1	1	1	0	1.75	1
0	0	0	42	1764	1	1.0612565279006958	1	0	0	0	2	0	0	1	0	0	0	0	0	0	0	2.89	1
0	0	5	34	1156	1	1.0647107362747192	1	1	0	0	5	0	0	0	0	0	0	0	0	0	0	2.90	1
0	1	16	10	100	0	2.8741292953491212	1	0	0	0	1	1	0	0	0	1	0	3	9	0	0	17.71	1
0	0	16	4	16	0	1.8325815200805664	1	0	0	0	0	0	0	0	1	0	0	3	9	0	1	6.25	1
0	0	9	4	16	0	0.9555114	0	0	0	0	1	0	0	0	0	0	0	0	0	1	0	2.60	1
0	0	15	21	441	1	1.891604781150818	1	0	0	0	2	1	1	0	0	0	0	3	9	0	0	6.63	1
0	0	12	31	961	1	1.2527629137039184	0	0	1	0	1	0	0	1	0	1	0	3	9	0	0	3.50	1
0	0	12	20	400	0	1.8718022108078004	1	0	0	0	3	0	0	0	0	1	0	14	196	1	0	6.50	1
0	0	12	36	1296	1	1.0986123085021972	0	0	1	0	0	0	0	1	0	1	0	1	1	0	0	3.00	1
0	0	13	7	49	0	1.4770487546920776	1	1	1	0	1	0	0	0	0	1	0	0	0	0	0	4.38	1
0	0	12	15	225	0	2.302585	0	0	0	0	1	1	0	1	0	0	0	0	0	0	0	10.00	0
0	1	7	25	625	0	1.599387526512146	1	0	0	0	5	0	0	0	0	0	0	17	289	0	0	4.95	0
0	0	17	7	49	1	2.1972246170043944	1	0	0	0	2	1	1	0	0	0	0	0	0	0	0	9.00	0
0	0	12	17	289	1	0.3576744	1	0	0	0	2	0	0	0	0	0	0	0	0	1	0	1.43	0
0	0	12	3	9	0	1.1249295473098754	0	0	0	0	0	1	1	0	0	0	0	1	1	0	0	3.08	0
0	0	14	12	144	0	2.233235	1	0	0	0	3	1	1	0	0	0	0	11	121	0	0	9.33	0
0	0	12	18	324	0	2.014903	1	0	0	0	2	0	0	0	0	0	0	5	25	1	0	7.50	1
0	0	13	47	2209	0	1.5581445693969726	1	0	0	0	0	0	0	0	0	0	0	1	1	1	0	4.75	1
0	1	12	2	4	0	1.7316555976867676	0	0	0	0	0	0	0	0	0	0	0	0	0	0	0	5.65	1
0	0	16	14	196	1	2.70805025100708	1	0	0	0	2	1	1	0	0	0	0	2	4	0	0	15.00	1
0	0	10	2	4	1	0.8197798	0	0	0	0	3	1	0	0	0	0	0	0	0	1	0	2.27	1
0	1	15	13	169	0	1.541159	1	0	0	0	3	1	0	0	0	0	0	18	324	0	0	4.67	1
0	0	16	5	25	0	2.447551	1	1	0	0	0	0	0	0	0	0	0	1	1	0	0	11.56	1
1	0	14	5	25	1	1.2527629137039184	0	0	1	0	2	0	1	0	0	0	0	4	16	0	0	3.50	1
